[00001] t,ax,ay,az,gx,gy,gz,press,temp,mx,my,mz,bat_v
[00002] 0,-0.995,0.001,-0.009,-3.66,-3.66,6.41,95.77,28.5,4514,1015,1061,4.02
[00003] 0,-1.022,-0.068,-0.009,6.0,0.79,6.17,99.3,28.53,4474,931,1123,4.022
[00004] 0,-1.023,-0.081,-0.019,-3.66,0.07,1.87,101.02,28.53,4467,899,1147,4.02
[00005] 0,-0.992,-0.038,-0.001,-3.09,-1.47,0.47,100.8,28.51,4462,906,1170,4.022
[00006] 1,-1.012,-0.002,-0.019,-2.75,2.0,-0.55,99.14,28.52,4472,962,1173,4.021
[00007] 1,-1.014,-0.025,-0.05,28.35,2.92,2.32,100.72,28.54,4516,1165,913,4.02
[00008] 1,-1.002,0.061,0.022,-8.88,2.18,2.13,100.58,28.51,4504,1334,978,4.019
[00009] 1,-1.079,-0.003,-0.039,6.59,-1.79,-0.4,100.62,28.53,4523,1336,867,4.024
[00010] 2,-1.047,0.049,-0.115,14.95,-4.79,-13.14,100.16,28.53,4578,1251,848,4.022
[00011] 2,-1.001,-0.023,-0.023,41.84,-2.05,-0.88,96.9,28.52,4627,1218,745,4.024
[00012] 2,-0.97,-0.019,0.072,62.85,1.37,2.47,94.75,28.55,4659,1209,531,4.021
[00013] 2,-0.96,-0.116,0.042,56.21,0.09,-7.64,95.12,28.56,4711,891,253,4.019
[00014] 3,-0.943,-0.12,0.005,58.05,0.34,6.08,100.9,28.55,4706,656,-93,4.019
[00015] 3,-1.01,-0.214,0.05,57.04,-11.11,-1.85,99.96,28.55,4718,488,-130,4.022
[00016] 3,-1.023,-0.031,0.06,35.59,3.24,6.65,100.5,28.52,4652,575,-371,4.023
[00017] 3,-1.023,0.041,0.008,18.21,5.47,-1.99,100.75,28.53,4602,570,-590,4.025
[00018] 4,-0.976,-0.029,0.1,41.15,1.79,7.28,97.03,28.53,4670,318,-398,4.019
[00019] 4,-1.025,0.001,0.09,67.78,11.17,-2.44,101.08,28.54,4661,26,-467,4.024
[00020] 4,-1.01,0.046,0.026,47.2,-5.89,-4.52,99.48,28.55,4662,-263,-390,4.021
[00021] 4,-0.955,-0.04,0.067,56.6,6.98,-6.6,100.97,28.54,4653,-499,-297,4.019
[00022] 5,-1.037,0.009,0.077,49.43,-1.95,-9.89,98.77,28.55,4628,-846,-6,4.021
[00023] 5,-1.007,0.028,0.043,20.5,1.37,-7.35,100.95,28.54,4621,-941,167,4.015
[00024] 5,-1.012,0.039,-0.049,32.76,8.46,-4.98,97.31,28.54,4605,-991,328,4.019
[00025] 5,-0.97,0.009,0.003,67.76,18.03,-9.38,93.62,28.55,4556,-1020,496,4.023
[00026] 6,-1.016,0.013,0.011,58.79,-2.37,-5.29,101.58,28.56,4510,-1079,840,4.024
[00027] 6,-0.975,-0.119,-0.012,45.95,-0.34,-1.78,98.19,28.55,4495,-1010,1081,4.021
[00028] 6,-1.003,-0.003,0.071,35.28,-4.34,1.4,97.64,28.55,4448,-932,1402,4.019
[00029] 6,-0.991,-0.088,0.036,59.27,9.15,0.69,100.86,28.55,4415,-715,1678,4.019
[00030] 7,-0.976,-0.042,0.065,69.18,-6.34,-1.91,100.65,28.6,4423,-195,1879,4.024
[00031] 7,-1.007,0.023,0.071,60.92,1.93,6.04,100.49,28.57,4414,389,1929,4.021
[00032] 7,-1.011,0.01,0.028,57.63,5.08,-0.82,100.13,28.56,4442,796,1676,4.025
[00033] 7,-0.994,0.096,-0.011,25.59,1.19,-5.23,100.66,28.6,4474,1027,1511,4.019
[00034] 8,-0.987,0.058,0.094,81.1,8.57,-0.57,100.63,28.59,4467,1235,1397,4.025
[00035] 8,-0.994,-0.003,0.062,76.07,5.16,-8.16,100.65,28.57,4518,1404,854,4.019
[00036] 8,-1.005,0.012,0.058,65.27,-1.03,6.72,99.18,28.6,4514,1452,503,4.017
[00037] 8,-1.004,0.022,0.017,16.85,-1.76,-1.16,96.15,28.6,4495,1476,249,4.023
[00038] 9,-1.022,0.086,0.007,64.18,0.29,7.85,94.45,28.61,4446,1504,-170,4.025
[00039] 9,-0.993,0.091,-0.017,46.74,3.94,4.02,97.8,28.6,4405,1367,-592,4.02
[00040] 9,-1.022,0.09,-0.028,-113.0,-15.31,-11.9,100.59,28.58,4427,1404,-400,4.02
[00041] 9,-0.953,0.141,-0.045,-61.13,4.05,-6.22,102.13,28.6,4401,1662,28,4.022
[00042] 10,-0.998,0.057,-0.012,-76.82,8.7,-5.25,101.14,28.59,4453,1576,548,4.023
[00043] 10,-1.041,0.022,-0.205,-132.47,2.95,24.05,100.64,28.59,4415,1625,832,4.024
[00044] 10,-0.986,0.199,-0.031,-73.04,-9.85,-7.16,98.21,28.6,4402,1219,1513,4.024
[00045] 10,-0.976,0.173,-0.001,-18.76,1.14,-8.56,94.35,28.63,4422,899,1684,4.021
[00046] 11,-0.965,0.047,0.15,1.04,-5.7,-5.03,100.83,28.62,4397,521,1909,4.02
[00047] 11,-1.007,0.086,0.014,-12.53,-1.11,4.57,96.48,28.61,4433,362,1841,4.019
[00048] 11,-0.989,-0.022,0.008,-38.95,-5.6,23.49,103.21,28.62,4391,1,1833,4.019
[00049] 11,-1.051,0.014,0.046,-68.54,5.34,11.68,93.88,28.65,4452,-279,1745,4.021
[00050] 12,-0.995,0.001,0.072,-41.05,2.13,-1.44,100.82,28.64,4477,-708,1403,4.023
[00051] 12,-1.022,-0.025,0.008,-61.69,-1.03,8.73,101.0,28.62,4502,-836,1150,4.022
[00052] 12,-0.997,0.033,0.137,-75.67,2.59,6.89,101.98,28.63,4526,-943,874,4.023
[00053] 12,-1.012,0.079,0.069,-86.76,-5.27,7.59,99.8,28.66,4578,-851,365,4.021
[00054] 13,-0.981,0.012,0.059,-66.79,8.01,6.61,100.66,28.64,4599,-444,-307,4.021
[00055] 13,-0.972,0.074,0.056,-91.82,0.58,4.85,100.77,28.64,4539,92,-524,4.024
[00056] 13,-0.971,0.059,0.033,-139.56,-1.24,5.62,101.12,28.65,4547,599,-423,4.023
[00057] 13,-1.018,0.079,-0.06,0.08,15.75,6.09,100.5,28.68,4442,1047,-398,4.023
[00058] 14,-0.997,0.061,0.128,-127.98,-6.51,9.53,100.54,28.66,4421,1418,23,4.024
[00059] 14,-1.001,0.056,0.117,-79.37,1.22,-3.82,100.47,28.65,4380,1572,745,4.021
[00060] 14,-0.996,0.061,0.122,-10.29,-0.79,3.18,105.65,28.7,4399,1400,1028,4.029
[00061] 14,-0.995,0.018,0.077,-19.54,1.44,1.32,92.78,28.7,4396,1358,1208,4.024
[00062] 15,-0.994,0.019,0.117,-21.66,-4.87,0.24,100.53,28.7,4376,1162,1515,4.023
[00063] 15,-0.977,0.021,0.081,-12.6,-0.71,1.01,94.87,28.72,4381,975,1673,4.02
[00064] 15,-1.006,-0.019,0.089,-25.24,4.43,-0.23,93.05,28.68,4394,840,1701,4.024
[00065] 15,-0.998,-0.017,0.09,-26.88,0.12,1.53,93.26,28.71,4399,730,1753,4.023
[00066] 16,-1.008,-0.025,0.132,-33.49,-2.89,2.15,93.52,28.7,4388,593,1815,4.024
[00067] 16,-0.99,-0.026,0.088,-8.63,-0.27,0.58,91.26,28.7,4376,510,1852,4.022
[00068] 16,-1.002,-0.029,0.091,-12.31,-0.63,0.89,101.27,28.72,4374,462,1861,4.024
[00069] 16,-0.993,-0.027,0.101,-12.48,-0.12,1.53,95.68,28.71,4372,420,1874,4.021
[00070] 17,-0.982,-0.019,0.072,-3.16,-3.0,3.03,94.32,28.71,4381,388,1863,4.02
[00071] 17,-0.992,-0.019,0.101,-16.41,-4.24,2.68,99.86,28.74,4357,367,1898,4.021
[00072] 17,-0.997,-0.011,0.092,-6.62,-0.98,1.57,99.0,28.76,4348,359,1924,4.025
[00073] 17,-0.99,-0.01,0.101,-10.27,-0.85,0.34,98.9,28.73,4334,341,1946,4.023
[00074] 18,-0.994,-0.007,0.098,-2.08,1.39,0.46,100.96,28.74,4347,298,1938,4.026
[00075] 18,-0.989,-0.012,0.105,-8.64,0.14,0.33,97.56,28.75,4347,263,1968,4.023
[00076] 18,-0.997,-0.02,0.105,-36.36,-1.37,2.18,100.57,28.79,4348,94,1975,4.028
[00077] 18,-0.985,-0.0,0.093,11.14,-5.14,-2.27,99.21,28.76,4349,25,1955,4.021
[00078] 19,-0.984,-0.017,0.105,-10.53,-1.08,-0.62,100.49,28.77,4321,-55,1937,4.019
[00079] 19,-1.02,-0.083,0.083,-17.04,0.42,1.6,100.5,28.77,4334,-177,1909,4.021
[00080] 19,-0.985,-0.015,0.089,-11.52,0.98,1.86,100.66,28.78,4353,-274,1862,4.025
[00081] 19,-1.0,-0.046,0.093,-8.55,-0.75,-0.76,100.85,28.81,4358,-336,1834,4.022
[00082] 20,-0.995,-0.051,0.103,-14.23,0.15,0.75,102.17,28.79,4365,-410,1817,4.018
[00083] 20,-0.991,-0.034,0.085,-14.31,-0.53,0.28,100.71,28.81,4367,-476,1783,4.023
[00084] 20,-0.996,-0.066,0.081,-16.85,0.32,1.34,94.53,28.82,4370,-569,1727,4.019
[00085] 20,-0.99,-0.066,0.085,-22.3,0.78,0.97,95.13,28.82,4371,-668,1678,4.019
[00086] 21,-0.989,-0.058,0.079,-12.93,-0.2,-0.06,100.9,28.82,4378,-766,1587,4.022
[00087] 21,-1.008,-0.062,0.071,-15.75,0.1,0.11,100.38,28.83,4397,-833,1517,4.024
[00088] 21,-1.0,-0.071,0.059,-12.0,0.89,0.4,100.89,28.84,4384,-923,1455,4.02
[00089] 21,-0.998,-0.066,0.068,-9.2,-0.79,0.89,92.67,28.83,4388,-958,1418,4.021
[00090] 22,-0.994,-0.074,0.069,-13.53,0.01,0.34,101.31,28.86,4378,-1025,1364,4.023
[00091] 22,-0.997,-0.069,0.068,-2.69,0.42,0.44,92.91,28.84,4382,-1059,1282,4.023
[00092] 22,-0.996,-0.073,0.052,-12.19,0.41,0.36,100.92,28.88,4393,-1084,1221,4.021
[00093] 22,-0.999,-0.074,0.055,-13.94,0.67,1.22,104.09,28.9,4384,-1120,1149,4.025
[00094] 23,-0.998,-0.071,0.049,-10.11,0.5,0.51,95.14,28.86,4393,-1161,1011,4.02
[00095] 23,-1.003,-0.073,0.042,-14.13,-0.72,-0.69,93.73,28.85,4388,-1212,905,4.021
[00096] 23,-0.998,-0.099,0.026,-30.4,1.29,0.48,100.86,28.86,4389,-1269,770,4.021
[00097] 23,-0.988,-0.071,0.031,-18.77,-0.24,-1.27,99.65,28.87,4385,-1302,643,4.021
[00098] 24,-1.003,-0.082,0.019,-33.51,-1.47,-0.37,99.26,28.88,4396,-1322,510,4.021
[00099] 24,-0.994,-0.089,0.036,-26.97,-2.17,-0.17,99.59,28.88,4395,-1309,392,4.024
[00100] 24,-1.004,-0.093,0.006,-9.84,0.05,0.3,100.04,28.88,4357,-1293,290,4.019
[00101] 24,-0.994,-0.082,-0.002,-30.93,0.0,0.37,100.19,28.89,4370,-1279,146,4.022
[00102] 25,-0.996,-0.084,-0.005,-13.75,1.13,0.58,100.43,28.87,4364,-1239,21,4.022
[00103] 25,-0.986,-0.074,0.011,-33.73,0.27,3.73,99.66,28.9,4406,-1184,-51,4.018
[00104] 25,-1.0,-0.081,0.007,-10.31,-0.85,0.52,97.98,28.93,4415,-1127,-148,4.025
[00105] 25,-0.999,-0.083,-0.012,-21.04,3.71,3.43,100.75,28.89,4427,-1025,-241,4.022
[00106] 26,-0.993,-0.047,-0.019,-20.74,-0.65,1.13,100.47,28.93,4430,-958,-337,4.02
[00107] 26,-0.999,-0.053,-0.013,-22.47,-1.53,1.47,100.55,28.92,4440,-882,-407,4.039
[00108] 26,-1.008,-0.049,-0.021,-17.57,-0.94,0.36,92.78,28.94,4450,-805,-478,4.021
[00109] 26,-0.991,-0.055,-0.034,-0.16,1.53,-1.14,100.87,28.93,4448,-756,-581,4.023
[00110] 27,-0.982,-0.039,0.017,-20.44,-0.13,1.01,94.65,28.93,4456,-474,-701,4.023
[00111] 27,-1.015,-0.015,-0.016,-13.24,-1.05,-0.42,101.06,28.93,4460,-384,-726,4.02
[00112] 27,-0.981,-0.034,-0.002,-17.21,0.69,1.11,100.6,28.92,4463,-227,-769,4.024
[00113] 27,-1.003,0.002,-0.049,-17.3,-0.84,-0.87,93.51,28.96,4466,-120,-775,4.024
[00114] 28,-0.95,-0.052,-0.074,-13.35,3.59,-0.92,100.98,28.96,4445,-91,-818,4.026
[00115] 28,-1.005,-0.02,-0.063,-20.12,-2.07,-0.19,94.41,28.97,4435,45,-858,4.019
[00116] 28,-0.996,-0.015,-0.052,-11.78,1.03,1.21,101.2,28.94,4423,254,-872,4.024
[00117] 28,-1.004,-0.011,-0.04,7.08,-1.5,-0.18,100.21,28.98,4421,309,-861,4.025
[00118] 29,-1.008,-0.009,-0.011,-11.66,0.15,0.08,102.01,28.96,4425,414,-840,4.021
[00119] 29,-1.01,-0.01,-0.024,-10.47,-0.53,0.26,101.16,28.97,4417,537,-837,4.023
[00120] 29,-1.004,0.007,-0.032,0.37,1.02,0.06,100.98,28.98,4421,613,-771,4.018
[00121] 29,-0.998,0.007,-0.034,-29.69,-1.24,-1.6,100.53,28.98,4432,689,-692,4.026
[00122] 30,-0.995,-0.002,-0.015,-26.09,-0.02,1.1,100.61,28.99,4431,819,-634,4.021
[00123] 30,-1.001,-0.024,0.018,-36.5,-2.15,-7.34,100.46,29.0,4388,986,-499,4.022
[00124] 30,-1.002,0.002,0.012,-19.3,-1.05,2.27,100.71,28.99,4429,1117,-368,4.022
[00125] 30,-1.007,0.008,0.016,-2.66,0.34,-1.82,100.29,29.02,4424,1135,-309,4.025
[00126] 31,-1.006,0.011,0.013,-28.76,1.24,2.3,100.33,29.02,4435,1222,-222,4.021
[00127] 31,-0.999,0.034,0.005,-24.6,0.87,0.22,98.73,29.0,4426,1303,-137,4.021
[00128] 31,-1.0,0.004,0.005,-10.45,0.62,1.09,101.59,29.04,4406,1392,-14,4.018
[00129] 31,-0.994,0.038,-0.01,-15.63,-0.34,0.85,100.68,29.04,4410,1443,85,4.021
[00130] 32,-1.011,0.028,0.012,-13.4,-0.11,0.41,98.95,29.06,4407,1482,207,4.021
[00131] 32,-1.001,0.045,0.006,-17.27,0.15,-1.94,103.54,29.03,4405,1506,302,4.02
[00132] 32,-0.993,0.031,0.016,-10.83,0.81,-0.49,100.19,29.03,4408,1493,404,4.022
[00133] 32,-1.006,0.043,0.008,0.08,-0.11,-0.15,101.05,29.08,4426,1495,431,4.019
[00134] 33,-1.002,0.024,0.014,-0.38,-0.21,0.31,103.6,29.08,4418,1497,441,4.021
[00135] 33,-0.981,0.04,0.029,-3.68,0.4,-0.3,98.01,29.04,4420,1497,451,4.022
[00136] 33,-1.001,0.031,0.018,-0.47,-0.41,-0.08,96.94,29.06,4419,1491,459,4.026
[00137] 33,-1.006,0.027,0.025,-12.02,0.21,-0.26,100.84,29.09,4415,1494,495,4.019
[00138] 34,-1.0,0.026,0.028,-17.58,-0.45,0.15,92.87,29.09,4405,1489,603,4.019
[00139] 34,-1.008,0.022,0.032,-7.1,0.1,0.53,99.22,29.12,4405,1474,697,4.024
[00140] 34,-0.995,0.036,0.029,-11.5,0.47,-0.31,100.84,29.11,4408,1447,797,4.022
[00141] 34,-0.991,0.04,0.035,-17.02,-0.47,-0.15,91.44,29.11,4401,1407,881,4.019
[00142] 35,-0.986,0.025,0.047,-24.86,-0.34,-0.58,96.95,29.09,4408,1348,1020,4.024
[00143] 35,-0.995,0.024,0.049,-30.35,-2.14,2.81,92.06,29.12,4392,1297,1161,4.022
[00144] 35,-1.001,0.01,0.06,-14.25,-1.09,0.67,97.76,29.12,4393,1225,1277,4.02
[00145] 35,-0.999,0.018,0.056,-22.79,-1.05,0.26,95.97,29.13,4391,1119,1401,4.022
[00146] 36,-0.992,0.019,0.065,-15.62,0.05,-0.11,101.01,29.15,4392,1033,1508,4.021
[00147] 36,-0.996,0.004,0.074,-13.11,-0.43,-0.08,94.67,29.12,4340,946,1586,4.025
[00148] 36,-0.999,0.009,0.065,-5.76,0.34,-0.27,98.88,29.14,4329,890,1617,4.018
[00149] 36,-0.971,0.001,0.103,126.08,3.15,-2.07,100.57,29.15,4354,1169,1364,4.021
[00150] 37,-0.965,0.036,0.013,130.05,6.18,-9.37,101.07,29.15,4426,1388,663,4.016
[00151] 37,-1.091,-0.165,0.119,249.5,2.42,10.18,100.48,29.13,4479,944,-261,4.019
[00152] 37,-1.03,0.033,0.031,15.95,-13.36,3.6,100.93,29.17,4526,391,-620,4.025
[00153] 37,-0.922,0.119,0.053,91.89,-5.57,0.47,100.34,29.15,4650,91,-369,4.019
[00154] 38,-0.994,0.078,-0.015,53.4,4.9,-7.77,98.53,29.16,4628,-486,-205,4.021
[00155] 38,-0.952,-0.024,0.004,-4.01,-1.26,4.87,94.49,29.17,4541,-929,-101,4.023
[00156] 38,-1.032,-0.03,-0.002,13.39,1.39,10.98,100.72,29.18,4610,-948,-143,4.021
[00157] 38,-0.927,-0.247,-0.087,62.24,-27.92,-9.33,100.87,29.2,4305,-1807,-266,4.02
[00158] 39,-0.867,-0.307,-0.072,54.23,12.53,-25.78,93.87,29.18,3855,-2607,-160,4.023
[00159] 39,-0.89,-0.546,-0.213,21.84,15.53,5.88,93.6,29.17,3585,-2945,-81,4.021
[00160] 39,-0.851,-0.509,-0.141,15.11,-9.07,21.34,94.25,29.21,3608,-2926,54,4.021
[00161] 39,-0.988,-0.178,-0.113,-19.27,-25.75,96.17,99.82,29.2,4525,-1354,429,4.031
[00162] 40,-0.939,-0.031,0.007,5.25,-21.31,39.51,95.13,29.2,4648,-902,685,4.022
[00163] 40,-1.002,-0.02,0.02,3.07,-16.69,23.05,101.47,29.2,4662,-701,941,4.027
[00164] 40,-1.05,0.054,0.083,0.39,-0.25,-6.13,100.31,29.22,4620,-839,1007,4.02
[00165] 40,-0.995,0.036,0.093,-8.96,-2.92,1.62,93.84,29.22,4641,-697,1006,4.025
[00166] 41,-1.015,0.13,0.07,3.11,2.61,0.31,95.44,29.2,4670,-592,974,4.025
[00167] 41,-0.947,0.12,0.063,-14.5,3.05,13.84,100.62,29.23,4712,-377,975,4.02
[00168] 41,-0.979,0.207,0.052,30.47,2.97,18.35,101.07,29.24,4771,-68,860,4.028
[00169] 41,-0.937,0.357,0.01,0.76,-0.79,9.16,101.05,29.26,4771,517,806,4.02
[00170] 42,-0.942,0.32,0.031,-4.75,1.33,7.31,101.03,29.23,4720,660,791,4.021
[00171] 42,-0.919,0.364,0.022,2.02,1.94,7.72,100.85,29.25,4713,819,762,4.024
[00172] 42,-0.905,0.403,0.011,-3.6,0.11,7.22,100.24,29.24,4694,973,755,4.022
[00173] 42,-0.9,0.414,0.024,-5.03,-0.65,1.25,99.38,29.25,4678,1027,761,4.022
[00174] 43,-0.91,0.423,0.042,0.16,-0.01,5.8,99.11,29.27,4689,1119,750,4.021
[00175] 43,-0.88,0.481,0.032,-7.49,-0.05,15.42,100.61,29.28,4637,1312,768,4.023
[00176] 43,-0.868,0.511,0.055,-3.06,-1.02,5.02,100.56,29.27,4621,1464,796,4.022
[00177] 43,-0.854,0.515,0.072,-0.01,-0.59,7.45,100.67,29.28,4605,1580,816,4.02
[00178] 44,-0.83,0.549,0.07,0.31,0.16,8.32,99.64,29.26,4555,1738,800,4.023
[00179] 44,-0.819,0.552,0.07,-3.8,-2.18,6.4,100.78,29.25,4508,1867,822,4.026
[00180] 44,-0.812,0.593,0.082,0.95,0.37,0.34,101.03,29.29,4487,1942,828,4.022
[00181] 44,-0.804,0.599,0.083,0.36,-0.06,0.81,96.95,29.29,4464,1992,831,4.021
[00182] 45,-0.792,0.605,0.086,-4.32,0.34,2.2,99.17,29.29,4425,2068,835,4.017
[00183] 45,-0.778,0.615,0.104,3.46,-0.45,4.08,96.1,29.31,4407,2117,846,4.024
[00184] 45,-0.758,0.641,0.089,-0.01,0.37,1.57,96.56,29.29,4376,2176,843,4.028
[00185] 45,-0.765,0.615,0.087,-1.52,0.34,1.69,97.75,29.28,4351,2229,849,4.024
[00186] 46,-0.751,0.645,0.096,-0.72,-0.35,3.31,100.86,29.31,4312,2278,869,4.026
[00187] 46,-0.73,0.673,0.11,-2.34,-0.01,2.3,91.84,29.32,4273,2353,879,4.028
[00188] 46,-0.727,0.668,0.104,1.57,-0.74,4.41,96.84,29.32,4233,2432,884,4.027
[00189] 46,-0.722,0.701,0.109,-1.23,0.29,0.29,93.2,29.32,4198,2506,894,4.026
[00190] 47,-0.686,0.716,0.119,1.98,0.92,4.25,98.28,29.34,4139,2602,909,4.024
[00191] 47,-0.696,0.736,0.127,-1.61,-0.22,7.8,102.74,29.32,4089,2670,950,4.021
[00192] 47,-0.665,0.741,0.13,2.02,1.09,4.55,108.32,29.35,4044,2750,950,4.022
[00193] 47,-0.661,0.724,0.112,-2.41,0.44,0.8,93.09,29.35,3961,2817,942,4.025
[00194] 48,-0.653,0.749,0.135,0.84,-0.69,2.07,94.7,29.34,3909,2858,980,4.022
[00195] 48,-0.653,0.771,0.124,0.62,2.75,-2.13,100.99,29.32,3889,2901,915,4.024
[00196] 48,-0.617,0.752,0.162,-4.63,2.29,-1.62,96.11,29.33,3883,2906,1010,4.025
[00197] 48,-0.619,0.778,0.144,0.87,-1.54,2.08,100.92,29.31,3829,2971,1035,4.022
[00198] 49,-0.615,0.807,0.146,-1.83,0.93,-0.08,97.52,29.34,3785,3027,1005,4.022
[00199] 49,-0.59,0.833,0.097,-1.13,1.16,3.05,100.71,29.34,3739,3159,952,4.024
[00200] 49,-0.583,0.8,0.143,1.19,-1.61,11.35,100.79,29.36,3649,3280,956,4.03
[00201] 49,-0.518,0.862,0.14,2.02,-0.51,3.31,100.28,29.35,3529,3421,923,4.021
[00202] 50,-0.482,0.859,0.129,3.44,-4.21,21.33,100.08,29.34,3336,3623,916,4.023
[00203] 50,-0.478,0.844,0.131,18.44,-2.46,9.84,98.86,29.35,3244,3726,834,4.024
[00204] 50,-0.397,0.886,0.109,-5.73,-0.69,4.72,99.27,29.31,3113,3812,853,4.022
[00205] 50,-0.391,0.903,0.127,0.44,0.41,2.37,98.13,29.39,3002,3888,865,4.024
[00206] 51,-0.37,0.922,0.139,3.47,-2.04,9.78,100.27,29.38,2888,3968,884,4.021
[00207] 51,-0.363,0.938,0.144,3.58,1.7,-0.31,98.48,29.37,2834,3995,884,4.024
[00208] 51,-0.32,0.927,0.14,1.67,-1.02,5.31,100.71,29.37,2728,4063,896,4.022
[00209] 51,-0.304,0.926,0.135,4.26,0.95,-0.89,93.52,29.4,2669,4093,881,4.023
[00210] 52,-0.269,0.961,0.135,-4.34,-1.05,6.04,101.66,29.39,2617,4122,896,4.02
[00211] 52,-0.295,0.945,0.153,2.74,-0.73,4.17,96.29,29.36,2552,4151,878,4.021
[00212] 52,-0.26,0.943,0.13,-0.21,1.77,-0.07,100.04,29.39,2479,4196,864,4.022
[00213] 52,-0.247,0.943,0.133,-1.6,-1.24,6.21,100.81,29.4,2420,4236,842,4.027
[00214] 53,-0.227,0.961,0.132,-1.03,-0.93,6.02,97.26,29.43,2351,4253,833,4.021
[00215] 53,-0.223,0.955,0.124,1.8,0.3,0.53,95.52,29.41,2256,4319,823,4.024
[00216] 53,-0.176,0.956,0.1,0.02,-0.73,3.5,92.27,29.4,2203,4341,806,4.019
[00217] 53,-0.168,1.004,0.135,-2.72,-1.88,15.05,100.75,29.41,2037,4359,926,4.025
[00218] 54,0.223,1.201,0.287,-16.02,-13.44,197.61,103.08,29.42,78,4520,1213,4.024
[00219] 54,0.196,0.727,0.41,-37.92,-9.59,19.81,106.16,29.42,-551,4546,1793,4.024
[00220] 54,0.399,1.261,-0.182,75.02,-13.36,-88.02,100.97,29.44,218,4549,1125,4.023
[00221] 54,0.099,0.844,0.13,-42.9,-10.08,80.05,100.93,29.39,182,3527,1478,4.023
[00222] 55,-0.316,0.78,0.222,-49.46,26.37,-15.65,100.66,29.44,268,4977,1763,4.02
[00223] 55,-0.043,0.795,0.339,1.89,-10.99,6.37,100.63,29.42,876,4765,1859,4.021
[00224] 55,-0.057,0.869,0.094,12.3,6.6,-4.54,100.69,29.44,1162,4687,1488,4.02
[00225] 55,0.045,0.852,0.294,-18.18,2.27,40.1,100.58,29.44,745,4652,1781,4.022
[00226] 56,0.063,0.893,0.358,14.61,0.18,-0.36,100.43,29.44,708,4606,1754,4.021
[00227] 56,0.145,1.003,0.25,12.49,0.58,1.92,99.0,29.48,609,4617,1639,4.023
[00228] 56,0.127,0.838,0.345,3.08,-7.02,12.01,96.43,29.43,401,4630,1641,4.021
[00229] 56,0.135,0.948,0.178,5.9,-4.47,10.32,100.96,29.44,89,4657,1438,4.02
[00230] 57,0.408,0.939,0.21,5.5,0.0,11.79,100.74,29.44,-335,4655,1341,4.024
[00231] 57,0.298,0.896,0.203,0.88,-1.31,10.39,102.33,29.45,-564,4602,1325,4.025
[00232] 57,0.451,0.888,0.121,6.66,-15.32,11.88,93.07,29.45,-923,4503,1329,4.02
[00233] 57,0.43,0.77,0.291,-9.74,9.69,9.98,99.33,29.44,-1068,4420,1420,4.018
[00234] 58,0.465,0.776,0.24,-4.14,-3.01,9.47,100.83,29.46,-1286,4321,1457,4.023
[00235] 58,0.594,0.801,0.193,0.34,2.04,12.69,99.71,29.45,-1483,4259,1373,4.024
[00236] 58,0.558,0.767,0.224,2.63,0.45,9.46,96.05,29.49,-1704,4166,1325,4.014
[00237] 58,0.616,0.749,0.195,3.21,-4.05,5.13,103.97,29.44,-1854,4095,1241,4.024
[00238] 59,0.611,0.721,0.201,-1.31,-0.73,9.0,100.4,29.44,-2041,4011,1166,4.024
[00239] 59,0.729,0.703,0.137,1.95,3.15,8.37,94.8,29.46,-2232,3887,1093,4.023
[00240] 59,0.681,0.687,0.164,2.11,-6.46,7.94,101.03,29.45,-2388,3785,1018,4.029
[00241] 59,0.777,0.641,0.122,1.52,4.6,2.92,99.44,29.45,-2507,3687,1019,4.026
[00242] 60,0.716,0.623,0.169,3.54,-4.25,4.64,99.67,29.47,-2562,3609,1029,4.026
[00243] 60,0.775,0.587,0.114,1.77,0.4,7.27,100.8,29.47,-2720,3480,982,4.03
[00244] 60,0.749,0.578,0.134,-5.35,-5.36,9.52,95.89,29.49,-2857,3343,974,4.02
[00245] 60,0.823,0.53,0.146,-0.11,-0.89,10.45,101.07,29.47,-3031,3126,1008,4.027
[00246] 61,0.915,0.432,0.083,9.23,-1.22,8.55,92.19,29.45,-3201,2925,939,4.019
[00247] 61,0.855,0.467,0.131,10.72,-3.92,8.56,100.94,29.48,-3335,2731,893,4.023
[00248] 61,0.959,0.373,0.055,0.37,2.1,7.12,102.61,29.45,-3414,2632,852,4.024
[00249] 61,0.89,0.379,0.091,9.29,-2.97,7.44,97.16,29.47,-3579,2471,728,4.02
[00250] 62,0.969,0.261,0.059,3.73,1.11,9.16,100.52,29.43,-3701,2305,548,4.024
[00251] 62,0.964,0.273,0.039,1.66,-0.58,4.07,98.65,29.48,-3807,2162,472,4.023
[00252] 62,0.973,0.211,0.026,6.37,3.98,5.73,99.62,29.45,-3817,2077,354,4.02
[00253] 62,0.965,0.213,0.037,0.59,6.77,10.94,100.61,29.47,-3861,1880,459,4.02
[00254] 63,0.975,0.145,0.065,-4.53,-1.33,10.19,100.92,29.46,-3941,1646,591,4.019
[00255] 63,0.994,0.065,0.046,5.79,4.73,5.4,94.88,29.48,-3986,1465,633,4.031
[00256] 63,0.975,0.094,0.096,10.3,-3.62,21.25,97.11,29.48,-4051,1200,658,4.02
[00257] 63,1.013,-0.03,0.066,6.83,4.69,4.87,100.62,29.49,-4080,1064,665,4.017
[00258] 64,0.948,-0.026,0.091,-5.15,5.7,12.53,100.96,29.5,-4108,970,698,4.019
[00259] 64,1.052,-0.139,0.098,3.37,2.65,22.87,99.01,29.46,-4165,616,628,4.02
[00260] 64,0.944,-0.158,0.104,-1.43,-9.11,13.71,97.8,29.5,-4200,175,716,4.024
[00261] 64,0.958,-0.287,0.097,-2.73,1.49,14.8,98.8,29.48,-4180,-167,732,4.023
[00262] 65,0.91,-0.372,0.125,14.06,-11.18,13.7,100.72,29.43,-4144,-495,680,4.023
[00263] 65,0.911,-0.451,0.082,10.83,1.37,10.11,96.71,29.47,-4094,-789,676,4.022
[00264] 65,0.846,-0.492,0.13,18.23,-1.09,17.44,96.33,29.44,-3996,-1134,799,4.022
[00265] 65,0.848,-0.552,0.093,-3.14,0.47,-2.67,100.94,29.48,-3930,-1341,728,4.02
[00266] 66,0.811,-0.543,0.133,4.68,2.87,2.1,97.63,29.47,-3833,-1566,805,4.02
[00267] 66,0.779,-0.608,0.153,-11.16,-1.85,15.63,101.09,29.45,-3759,-1719,831,4.026
[00268] 66,0.721,-0.675,0.171,5.18,-3.22,6.15,97.83,29.49,-3605,-1996,963,4.023
[00269] 66,0.642,-0.741,0.153,-6.39,7.92,29.09,92.5,29.5,-3394,-2373,955,4.02
[00270] 67,0.576,-0.77,0.136,-6.59,9.73,22.53,94.89,29.47,-3097,-2780,1012,4.02
[00271] 67,0.507,-0.839,0.144,-1.11,11.42,27.24,100.83,29.51,-2735,-3154,1167,4.022
[00272] 67,0.336,-0.894,0.168,3.82,2.44,23.22,98.08,29.48,-2302,-3495,1249,4.025
[00273] 67,0.289,-0.908,0.178,-3.86,10.06,25.43,100.71,29.5,-1935,-3734,1356,4.023
[00274] 68,0.17,-0.945,0.164,-6.66,10.91,26.77,101.05,29.48,-1500,-3940,1428,4.02
[00275] 68,0.052,-0.979,0.191,-0.08,2.03,-0.29,100.5,29.48,-1121,-4032,1543,4.022
[00276] 68,-0.005,-1.001,0.225,-3.06,3.14,17.4,100.67,29.47,-876,-4066,1655,4.024
[00277] 68,-0.066,-0.973,0.184,12.29,8.53,19.6,100.46,29.51,-487,-4154,1612,4.023
[00278] 69,-0.203,-0.98,0.238,-14.43,6.52,24.4,101.01,29.5,14,-4181,1662,4.025
[00279] 69,-0.3,-0.954,0.172,1.3,7.69,16.33,100.97,29.5,457,-4205,1587,4.026
[00280] 69,-0.344,-0.906,0.169,4.55,4.98,18.98,100.05,29.49,742,-4164,1617,4.025
[00281] 69,-0.453,-0.863,0.13,-3.6,-0.35,29.86,98.99,29.48,1427,-4045,1547,4.02
[00282] 70,-0.621,-0.85,0.114,-21.44,7.09,19.51,100.84,29.48,1865,-3925,1385,4.023
[00283] 70,-0.635,-0.776,0.081,-1.89,8.31,21.98,99.19,29.45,2231,-3772,1278,4.021
[00284] 70,-0.724,-0.704,0.044,2.98,7.01,23.26,93.55,29.54,2733,-3496,1150,4.027
[00285] 70,-0.8,-0.574,-0.02,-16.19,-1.08,19.18,96.22,29.5,3181,-3180,880,4.025
[00286] 71,-0.889,-0.443,-0.049,-3.75,-2.67,23.89,93.76,29.49,3588,-2764,716,4.026
[00287] 71,-0.899,-0.183,0.029,-17.55,-10.5,45.27,100.98,29.51,4144,-1892,764,4.025
[00288] 71,-0.965,-0.13,-0.075,-18.58,9.73,54.56,101.18,29.49,4483,-1021,680,4.025
[00289] 71,-0.873,-0.422,-0.196,22.06,15.57,-130.27,92.83,29.51,3774,-2590,350,4.025
[00290] 72,-0.337,-1.023,0.109,87.23,-7.95,-160.85,101.03,29.53,539,-4228,1653,4.027
[00291] 72,-0.161,-0.775,0.274,-19.88,-2.97,-5.86,93.69,29.53,-200,-4185,1726,4.029
[00292] 72,0.191,-0.848,0.244,-48.35,9.8,-148.92,92.73,29.55,-1840,-3669,1672,4.025
[00293] 72,0.467,-1.051,0.163,5.69,-11.52,-23.63,94.71,29.5,-2893,-2964,1288,4.023
[00294] 73,0.823,-0.647,-0.012,26.13,-14.1,-39.42,99.78,29.5,-3643,-2077,631,4.026
[00295] 73,0.861,-0.376,-0.005,9.49,-11.12,-108.25,96.18,29.54,-4158,269,329,4.027
[00296] 73,0.977,0.007,-0.016,2.71,14.47,-24.97,100.49,29.49,-3776,1847,249,4.021
[00297] 73,0.887,0.348,-0.064,40.71,-13.0,-24.85,92.96,29.51,-3391,2518,61,4.029
[00298] 74,1.089,0.228,0.057,-7.68,96.56,31.17,100.13,29.54,-3731,1663,1304,4.024
[00299] 74,0.913,-0.116,0.429,-4.51,19.65,9.42,101.07,29.52,-3608,1231,2113,4.026
[00300] 74,0.91,0.033,0.442,5.56,16.36,-1.79,100.79,29.49,-3499,1203,2367,4.025
[00301] 74,0.773,-0.044,0.578,-12.75,14.98,-2.82,100.82,29.51,-3192,1076,2899,4.017
[00302] 75,0.776,0.055,0.749,11.79,37.14,-2.78,100.86,29.52,-2775,1229,3369,4.023
[00303] 75,0.647,-0.087,0.829,-14.92,13.65,13.5,101.0,29.54,-2422,1023,3692,4.023
[00304] 75,0.557,-0.052,0.827,0.08,24.05,-0.03,100.53,29.53,-2069,965,3958,4.023
[00305] 75,0.451,-0.033,0.869,0.43,31.07,-3.33,100.5,29.53,-1606,1161,4187,4.023
[00306] 76,0.359,-0.057,0.906,1.45,21.09,-0.64,97.49,29.54,-1108,1202,4399,4.024
[00307] 76,0.213,-0.06,0.977,3.28,23.76,-3.47,97.2,29.52,-455,1256,4569,4.025
[00308] 76,0.033,-0.005,0.98,17.21,50.49,-2.31,94.59,29.53,477,1473,4603,4.024
[00309] 76,-0.215,0.055,0.972,20.01,48.03,-4.02,92.56,29.52,1526,1792,4314,4.018
[00310] 77,-0.44,0.139,0.885,15.47,33.48,-6.08,99.28,29.54,2331,1983,3868,4.022
[00311] 77,-0.563,0.139,0.819,13.26,39.15,-3.6,93.76,29.6,2961,2050,3363,4.024
[00312] 77,-0.679,0.139,0.727,-0.6,17.4,-8.45,101.07,29.57,3377,1972,2977,4.024
[00313] 77,-0.749,0.167,0.641,-0.69,21.71,-8.36,90.53,29.54,3679,1930,2567,4.023
[00314] 78,-0.842,0.142,0.555,6.0,27.76,-1.45,93.89,29.58,3955,1873,2087,4.028
[00315] 78,-0.861,0.183,0.42,9.42,26.53,-5.57,99.9,29.57,4146,1925,1458,4.021
[00316] 78,-0.955,0.159,0.283,8.18,29.05,-2.94,100.79,29.58,4314,1759,812,4.028
[00317] 78,-0.983,0.159,0.141,8.9,26.66,8.97,92.24,29.57,4286,1843,123,4.028
[00318] 79,-0.949,0.232,0.128,-8.43,13.16,71.48,95.86,29.58,4000,2392,-54,4.025
[00319] 79,-0.865,0.373,0.024,19.29,20.1,24.82,102.66,29.59,3718,2747,-408,4.029
[00320] 79,-0.905,0.401,0.03,5.81,-5.97,1.89,90.43,29.61,3770,2643,-475,4.022
[00321] 79,-0.991,0.288,0.075,4.24,-12.6,-10.42,100.81,29.62,3876,2538,-211,4.024
[00322] 80,-0.908,0.288,0.135,-4.1,-6.73,2.89,101.08,29.62,3942,2473,89,4.025
[00323] 80,-1.007,0.266,0.101,11.07,7.28,-13.24,103.72,29.61,4080,2188,148,4.024
[00324] 80,-0.954,0.145,0.166,-6.34,9.34,-13.62,102.5,29.63,4235,1744,293,4.02
[00325] 80,-0.914,0.218,-0.018,7.89,-5.16,-32.84,103.67,29.64,4235,1685,122,4.027
[00326] 81,-1.056,-0.139,0.06,72.21,-4.56,-72.19,100.55,29.63,4489,112,20,4.024
[00327] 81,-0.893,-0.311,0.047,11.33,1.69,-31.0,97.73,29.65,4446,-390,-62,4.025
[00328] 81,-0.923,-0.487,0.022,-16.61,-9.1,-36.55,99.14,29.65,4294,-1141,-122,4.021
[00329] 81,-0.82,-0.511,0.006,-1.78,-4.34,-34.21,100.9,29.69,4197,-1446,-206,4.022
[00330] 82,-0.797,-0.589,-0.04,-8.74,15.61,-7.21,100.57,29.68,4015,-1800,-393,4.024
[00331] 82,-0.663,-0.713,-0.063,2.39,6.95,-27.56,100.76,29.69,3774,-2325,-427,4.025
[00332] 82,-0.61,-0.796,-0.048,-19.88,-2.16,-5.73,101.11,29.67,3448,-2781,-540,4.025
[00333] 82,-0.507,-0.882,-0.135,3.62,5.84,-19.76,98.83,29.7,3122,-3074,-701,4.024
[00334] 83,-0.493,-0.833,-0.159,-1.85,8.82,-24.77,99.1,29.7,2887,-3221,-914,4.026
[00335] 83,-0.396,-0.898,-0.153,-4.41,1.56,-9.38,99.83,29.71,2588,-3450,-941,4.024
[00336] 83,-0.357,-0.983,-0.188,-7.01,1.77,-18.97,100.54,29.69,2249,-3622,-1105,4.025
[00337] 83,-0.246,-0.927,-0.236,-2.83,5.95,-14.78,95.19,29.72,1973,-3729,-1215,4.021
[00338] 84,-0.176,-0.95,-0.248,-0.98,3.92,-14.57,93.77,29.67,1704,-3810,-1335,4.022
[00339] 84,-0.075,-0.99,-0.258,3.81,3.01,-13.75,93.16,29.74,1462,-3893,-1369,4.02
[00340] 84,-0.007,-1.009,-0.216,3.45,3.34,-12.53,95.93,29.75,1054,-4069,-1248,4.028
[00341] 84,0.057,-0.921,-0.176,-1.96,1.4,-9.79,99.48,29.74,745,-4133,-1237,4.024
[00342] 85,0.123,-1.032,-0.233,3.07,1.7,-19.24,97.43,29.73,405,-4164,-1248,4.025
[00343] 85,0.207,-1.033,-0.215,-1.13,-0.76,-15.5,100.92,29.74,65,-4179,-1230,4.025
[00344] 85,0.256,-0.914,-0.19,-5.53,-2.31,-13.33,95.94,29.77,-259,-4129,-1293,4.023
[00345] 85,0.377,-0.975,-0.242,2.89,8.44,-15.44,100.6,29.74,-650,-4036,-1369,4.023
[00346] 86,0.385,-0.887,-0.237,-1.68,-3.32,-7.85,100.7,29.75,-877,-3952,-1411,4.022
[00347] 86,0.462,-0.814,-0.187,4.31,-0.13,-10.95,98.17,29.75,-1068,-3887,-1395,4.026
[00348] 86,0.469,-0.867,-0.222,3.02,2.18,-12.96,99.07,29.76,-1319,-3826,-1323,4.023
[00349] 86,0.557,-0.765,-0.228,20.42,1.88,-28.38,96.18,29.76,-1711,-3642,-1262,4.02
[00350] 87,0.663,-0.82,-0.207,4.92,-3.42,-17.23,96.51,29.78,-2021,-3483,-1227,4.024
[00351] 87,0.659,-0.724,-0.177,0.75,-1.23,-7.92,97.92,29.76,-2186,-3372,-1231,4.024
[00352] 87,0.719,-0.637,-0.208,7.17,1.85,-12.53,93.18,29.76,-2427,-3185,-1208,4.02
[00353] 87,0.735,-0.584,-0.179,7.58,1.32,-25.47,100.53,29.77,-2620,-3024,-1195,4.028
[00354] 88,0.774,-0.661,-0.125,-1.19,13.97,-2.5,102.03,29.77,-2790,-2893,-1148,4.022
[00355] 88,0.873,-0.512,-0.135,-18.36,10.36,-20.66,96.84,29.75,-3014,-2691,-1048,4.026
[00356] 88,0.9,-0.205,-0.193,-4.19,2.08,-44.66,99.31,29.77,-3386,-2023,-1156,4.021
[00357] 88,0.98,-0.266,-0.156,-14.65,-2.92,-28.27,100.66,29.76,-3665,-1283,-1296,4.023
[00358] 89,0.953,0.15,-0.085,-3.47,8.65,-24.67,100.38,29.78,-3853,-625,-1242,4.023
[00359] 89,0.966,0.141,-0.132,0.66,-3.52,-24.52,99.76,29.77,-3848,13,-1368,4.023
[00360] 89,0.955,0.253,-0.185,3.16,2.65,-30.47,100.58,29.79,-3851,602,-1366,4.018
[00361] 89,0.871,0.438,-0.152,-8.34,0.58,-15.52,100.73,29.78,-3774,906,-1354,4.025
[00362] 90,0.881,0.394,-0.189,5.76,2.85,-15.48,100.45,29.82,-3696,1266,-1342,4.019
[00363] 90,0.806,0.541,-0.131,2.23,1.6,-11.63,100.5,29.79,-3619,1521,-1321,4.02
[00364] 90,0.766,0.596,-0.181,-2.9,1.82,-12.82,99.92,29.78,-3537,1695,-1369,4.025
[00365] 90,0.782,0.565,-0.167,2.73,2.76,-8.76,100.22,29.81,-3495,1803,-1370,4.026
[00366] 91,0.71,0.636,-0.159,-3.17,-1.46,-24.72,94.99,29.8,-3336,2185,-1330,4.025
[00367] 91,0.613,0.688,-0.178,12.82,2.44,-11.58,92.36,29.8,-3107,2556,-1357,4.022
[00368] 91,0.572,0.754,-0.185,-1.72,-2.57,-22.73,100.78,29.82,-2928,2772,-1449,4.024
[00369] 91,0.521,0.791,-0.238,10.76,-0.9,-14.87,92.1,29.82,-2663,3036,-1536,4.02
[00370] 92,0.445,0.846,-0.241,-9.73,-2.8,-14.33,99.93,29.84,-2358,3324,-1587,4.028
[00371] 92,0.317,0.888,-0.197,-3.09,0.27,-22.38,92.41,29.79,-2011,3625,-1549,4.024
[00372] 92,0.258,0.929,-0.256,2.71,0.27,-7.85,100.84,29.78,-1772,3687,-1722,4.022
[00373] 92,0.197,0.936,-0.269,-3.01,-1.87,-23.45,100.8,29.79,-1455,3813,-1803,4.026
[00374] 93,0.148,0.857,-0.196,-19.58,-6.15,-13.66,101.29,29.78,-1201,3962,-1745,4.023
[00375] 93,-0.034,0.982,-0.189,-10.41,7.8,0.99,92.87,29.8,-830,4200,-1482,4.025
[00376] 93,-0.034,0.958,-0.158,-7.03,-2.47,-12.46,96.0,29.82,-552,4312,-1362,4.025
[00377] 93,-0.127,1.027,-0.105,-0.67,8.55,-44.03,91.99,29.81,-48,4441,-1185,4.02
[00378] 94,-0.221,0.987,-0.104,-4.61,-0.64,-14.97,95.15,29.8,354,4455,-1127,4.027
[00379] 94,-0.322,0.927,-0.108,-0.69,-1.51,0.54,99.46,29.83,598,4407,-1201,4.025
[00380] 94,-0.425,0.888,-0.123,-12.27,3.87,-32.0,99.88,29.82,1204,4301,-1159,4.027
[00381] 94,-0.528,0.847,-0.093,-3.98,-4.45,-30.52,100.58,29.78,1724,4136,-1126,4.023
[00382] 95,-0.609,0.738,-0.13,-0.14,3.46,-19.37,96.16,29.83,2088,3982,-1071,4.02
[00383] 95,-0.676,0.731,-0.096,-0.59,-4.73,-7.85,100.73,29.81,2377,3820,-1055,4.021
[00384] 95,-0.708,0.684,-0.109,3.54,1.95,-6.34,100.77,29.81,2571,3700,-1001,4.024
[00385] 95,-0.766,0.646,-0.103,-3.44,-1.6,-46.43,100.78,29.82,3067,3227,-1058,4.024
[00386] 96,-0.885,0.45,-0.115,-5.4,-1.28,-23.11,100.89,29.84,3533,2728,-931,4.023
[00387] 96,-0.918,0.254,-0.052,0.3,-5.6,-8.66,100.62,29.84,3872,2339,-648,4.024
[00388] 96,-0.914,0.227,-0.052,0.1,1.72,-19.27,100.7,29.84,4047,2022,-664,4.025
[00389] 96,-0.998,0.128,-0.04,4.7,-0.37,-22.79,100.58,29.83,4233,1513,-685,4.022
[00390] 97,-1.027,0.044,-0.035,0.63,-10.57,-42.11,101.22,29.83,4407,934,-539,4.022
[00391] 97,-0.999,-0.255,-0.111,-31.48,35.25,-38.9,100.75,29.85,4399,445,-763,4.024
[00392] 97,-0.941,-0.178,-0.257,-8.69,27.15,-16.19,100.89,29.83,4179,28,-1422,4.022
[00393] 97,-0.934,-0.167,-0.39,-9.18,39.64,16.14,94.7,29.85,3808,433,-2086,4.026
[00394] 98,-0.833,-0.147,-0.598,-15.42,40.16,-0.03,96.35,29.86,3216,655,-2794,4.025
[00395] 98,-0.685,-0.081,-0.701,2.66,25.87,1.27,99.92,29.87,2638,704,-3288,4.021
[00396] 98,-0.608,-0.043,-0.8,-11.73,38.91,-0.24,100.77,29.85,2138,753,-3601,4.024
[00397] 98,-0.434,-0.018,-0.883,1.19,32.5,3.02,96.92,29.84,1441,859,-3901,4.025
[00398] 99,-0.35,0.021,-0.946,-1.27,-0.02,6.29,96.99,29.85,1032,989,-3993,4.023
[00399] 99,-0.254,-0.031,-0.969,10.14,21.64,3.2,95.33,29.82,602,895,-4084,4.022
[00400] 99,-0.098,0.011,-1.003,4.4,35.12,9.11,95.03,29.86,-142,861,-4119,4.023
[00401] 99,-0.008,-0.046,-1.006,17.76,14.92,8.17,94.07,29.87,-582,684,-4100,4.021
[00402] 100,0.105,-0.05,-0.924,2.63,43.2,5.73,93.37,29.88,-1177,400,-3986,4.023
[00403] 100,0.481,-0.153,-0.909,1.17,80.66,14.23,99.56,29.86,-2693,346,-3133,4.02
[00404] 100,0.643,-0.131,-0.757,-12.85,38.03,1.43,93.23,29.86,-3268,292,-2525,4.022
[00405] 100,0.704,-0.127,-0.631,-2.82,25.08,-1.88,100.85,29.9,-3589,261,-2022,4.019
[00406] 101,0.8,-0.118,-0.541,-2.61,24.95,0.63,103.43,29.87,-3809,313,-1554,4.022
[00407] 101,0.875,-0.13,-0.444,-1.79,15.05,-3.34,99.25,29.88,-3956,325,-1088,4.025
[00408] 101,0.922,-0.132,-0.379,3.27,8.75,4.2,96.37,29.87,-4034,288,-756,4.021
[00409] 101,0.934,-0.111,-0.336,-1.2,10.96,-1.14,100.92,29.88,-4062,293,-578,4.022
[00410] 102,0.933,-0.118,-0.262,-2.88,13.53,-11.52,97.05,29.87,-4075,408,-356,4.025
[00411] 102,1.0,-0.075,-0.242,8.89,13.34,5.92,97.3,29.86,-4053,572,-310,4.024
[00412] 102,1.035,-0.044,-0.148,5.95,-8.21,32.66,101.48,29.89,-4031,729,46,4.024
[00413] 102,1.017,0.059,-0.099,-61.31,28.6,-48.63,100.66,29.89,-3927,1159,496,4.025
[00414] 103,0.974,0.073,0.059,-8.83,-9.44,3.93,98.92,29.9,-3909,1157,861,4.024
[00415] 103,0.929,0.088,0.045,-5.35,3.86,3.6,100.89,29.91,-4016,733,1061,4.026
[00416] 103,1.01,-0.092,0.069,7.57,42.01,-14.8,100.31,29.89,-3829,832,1697,4.021
[00417] 103,0.928,0.039,0.259,6.82,31.69,3.87,100.51,29.89,-3559,903,2280,4.023
[00418] 104,0.861,-0.015,0.466,9.45,-21.76,-37.44,100.61,29.89,-3294,842,2749,4.029
[00419] 104,0.95,-0.075,0.39,-7.66,-35.58,21.39,99.45,29.91,-3386,633,2611,4.021
[00420] 104,0.976,-0.17,0.501,-6.82,22.49,-47.7,102.28,29.89,-3572,38,2407,4.02
[00421] 104,0.891,-0.204,0.45,15.58,3.56,1.92,100.39,29.91,-3528,257,2467,4.02
[00422] 105,0.872,-0.021,0.464,4.62,46.49,11.86,97.88,29.92,-3224,367,2940,4.022
[00423] 105,0.896,-0.099,0.665,17.16,24.55,-4.85,97.35,29.93,-2808,628,3387,4.024
[00424] 105,0.689,-0.124,0.615,-8.37,17.21,3.17,98.2,29.92,-2386,420,3804,4.021
[00425] 105,0.718,-0.072,0.831,4.74,28.99,0.73,101.52,29.9,-2079,667,4005,4.022
[00426] 106,0.531,-0.135,0.866,-25.71,34.81,-1.98,101.15,29.92,-1330,341,4453,4.024
[00427] 106,0.382,-0.102,0.92,-8.43,36.97,-2.62,93.35,29.9,-672,530,4665,4.031
[00428] 106,0.262,-0.121,0.931,-4.14,34.88,0.91,93.33,29.91,65,554,4783,4.027
[00429] 106,0.108,-0.099,0.969,5.66,19.66,4.47,98.68,29.9,709,614,4774,4.024
[00430] 107,-0.045,-0.094,1.04,0.11,30.44,-2.79,101.08,29.93,1298,616,4689,4.019
[00431] 107,-0.245,-0.099,0.988,-5.72,27.61,-0.04,102.0,29.92,2040,611,4447,4.025
[00432] 107,-0.339,-0.095,0.965,2.66,24.65,-2.17,95.95,29.91,2516,561,4204,4.023
[00433] 107,-0.422,-0.084,0.895,10.73,30.49,-2.72,93.35,29.96,3023,609,3842,4.022
[00434] 108,-0.57,-0.043,0.848,7.91,23.76,-3.77,92.76,29.92,3474,760,3378,4.021
[00435] 108,-0.667,-0.043,0.726,0.63,23.79,-6.46,99.58,29.93,3882,638,2874,4.019
[00436] 108,-0.873,0.01,0.571,-3.6,41.84,-8.13,97.59,29.93,4333,616,1953,4.028
[00437] 108,-0.88,-0.047,0.455,10.06,40.65,1.33,99.76,29.94,4520,570,1292,4.029
[00438] 109,-1.016,-0.098,0.303,-6.92,19.82,-2.51,95.15,29.93,4592,476,694,4.027
[00439] 109,-1.056,-0.029,0.162,1.87,30.97,0.82,102.15,29.92,4571,512,5,4.023
[00440] 109,-1.015,-0.003,0.052,-5.38,34.59,19.63,98.97,29.94,4394,747,-752,4.025
[00441] 109,-0.962,0.099,-0.217,28.89,27.44,-6.18,101.09,29.95,4065,757,-1486,4.026
[00442] 110,-1.017,0.008,-0.379,12.39,18.71,2.95,100.91,29.96,3770,760,-2003,4.023
[00443] 110,-0.851,0.126,-0.408,-10.46,31.62,10.07,100.4,29.96,3304,1141,-2503,4.025
[00444] 110,-0.81,0.146,-0.571,8.4,10.1,8.34,100.07,29.95,2927,1126,-2902,4.026
[00445] 110,-0.735,0.128,-0.787,29.85,-1.07,-27.21,98.68,29.95,2640,910,-3193,4.026
[00446] 111,-0.631,0.17,-0.845,-46.91,56.44,7.94,99.17,29.94,1924,1531,-3478,4.03
[00447] 111,-0.749,0.064,-0.697,61.21,-60.96,-33.08,100.61,29.95,2387,1049,-3350,4.021
[00448] 111,-0.946,-0.004,-0.461,18.78,-76.4,-18.09,100.36,29.96,3838,98,-1991,4.022
[00449] 111,-0.92,-0.115,-0.189,-170.85,-29.02,-96.11,100.56,29.97,4069,-361,-1503,4.03
[00450] 112,-0.887,-0.198,-0.04,74.85,-60.44,-104.94,98.72,29.96,3699,-2276,-794,4.022
[00451] 112,-0.79,-0.675,0.543,119.56,-70.31,27.9,98.45,29.96,3731,-1832,2393,4.027
[00452] 112,-0.165,0.047,0.233,-107.23,-171.44,-17.53,100.91,29.97,2040,-489,5145,4.028
[00453] 112,0.08,-1.248,0.59,87.72,19.47,24.46,95.46,29.99,120,-6647,3111,4.02
[00454] 113,0.043,-0.729,0.693,32.4,6.06,4.34,101.3,29.98,165,-6006,4011,4.025
[00455] 113,0.008,-0.797,0.658,17.85,4.59,5.32,101.29,29.98,366,-6196,3629,4.023
[00456] 113,-0.021,-0.769,0.658,-4.85,0.77,0.8,93.96,29.98,423,-6057,3678,4.026
[00457] 113,0.0,-0.729,0.68,0.03,1.01,-0.66,100.66,29.98,361,-5892,3873,4.027
[00458] 114,-0.009,-0.585,0.855,53.02,-0.56,-1.63,102.02,30.0,340,-4798,4792,4.025
[00459] 114,-0.047,-0.638,0.793,9.99,2.31,12.27,95.99,30.0,559,-4891,4565,4.022
[00460] 114,-0.032,-0.493,0.897,0.96,-1.73,-1.24,101.11,29.99,611,-4333,4699,4.026
[00461] 114,-0.026,-0.522,0.888,1.83,-1.99,-2.25,99.14,30.0,507,-4569,4624,4.025
[00462] 115,-0.014,-0.543,0.863,-4.67,1.7,2.44,99.35,30.0,576,-4619,4568,4.024
